ATE LIVE SERVER STATS
ashumba@ate-live:/srv$ mpstat -P ALL 1 5
Linux 6.8.0-110-generic (ate-live)      13/05/2026      _x86_64_        (16 CPU)

11:13:52     CPU    %usr   %nice    %sys %iowait    %irq   %soft  %steal  %guest  %gnice   %idle
11:13:53     all   25.25    0.00   19.44    0.06    0.00    0.31    0.00    0.00    0.00   54.94
11:13:53       0   22.77    0.00   23.76    0.00    0.00    0.99    0.00    0.00    0.00   52.48
11:13:53       1   18.81    0.00   13.86    0.99    0.00    0.99    0.00    0.00    0.00   65.35
11:13:53       2   14.00    0.00   12.00    0.00    0.00    1.00    0.00    0.00    0.00   73.00
11:13:53       3   22.22    0.00   17.17    0.00    0.00    0.00    0.00    0.00    0.00   60.61
11:13:53       4   36.63    0.00   19.80    0.00    0.00    0.99    0.00    0.00    0.00   42.57
11:13:53       5   22.22    0.00   17.17    0.00    0.00    0.00    0.00    0.00    0.00   60.61
11:13:53       6   37.37    0.00   18.18    0.00    0.00    0.00    0.00    0.00    0.00   44.44
11:13:53       7   33.00    0.00   30.00    0.00    0.00    0.00    0.00    0.00    0.00   37.00
11:13:53       8   20.20    0.00   17.17    0.00    0.00    0.00    0.00    0.00    0.00   62.63
11:13:53       9   18.00    0.00   17.00    0.00    0.00    0.00    0.00    0.00    0.00   65.00
11:13:53      10   34.00    0.00   18.00    0.00    0.00    0.00    0.00    0.00    0.00   48.00
11:13:53      11   26.73    0.00   20.79    0.00    0.00    0.00    0.00    0.00    0.00   52.48
11:13:53      12   14.14    0.00    7.07    0.00    0.00    0.00    0.00    0.00    0.00   78.79
11:13:53      13   15.00    0.00   19.00    0.00    0.00    0.00    0.00    0.00    0.00   66.00
11:13:53      14   34.00    0.00   31.00    0.00    0.00    0.00    0.00    0.00    0.00   35.00
11:13:53      15   34.65    0.00   28.71    0.00    0.00    0.99    0.00    0.00    0.00   35.64

11:13:53     CPU    %usr   %nice    %sys %iowait    %irq   %soft  %steal  %guest  %gnice   %idle
11:13:54     all   19.68    0.00   12.49    0.57    0.00    0.32    0.00    0.00    0.00   66.94
11:13:54       0   33.33    0.00   33.33    0.00    0.00    0.00    0.00    0.00    0.00   33.33
11:13:54       1   10.10    0.00    4.04    1.01    0.00    1.01    0.00    0.00    0.00   83.84
11:13:54       2   10.31    0.00    4.12    0.00    0.00    0.00    0.00    0.00    0.00   85.57
11:13:54       3   21.78    0.00   10.89    0.00    0.00    0.99    0.00    0.00    0.00   66.34
11:13:54       4   15.31    0.00    4.08    0.00    0.00    0.00    0.00    0.00    0.00   80.61
11:13:54       5   14.43    0.00    5.15    0.00    0.00    0.00    0.00    0.00    0.00   80.41
11:13:54       6   20.00    0.00   21.00    0.00    0.00    0.00    0.00    0.00    0.00   59.00
11:13:54       7    8.08    0.00    6.06    0.00    0.00    0.00    0.00    0.00    0.00   85.86
11:13:54       8   26.53    0.00   24.49    4.08    0.00    0.00    0.00    0.00    0.00   44.90
11:13:54       9   30.69    0.00    1.98    0.00    0.00    0.99    0.00    0.00    0.00   66.34
11:13:54      10   27.27    0.00   30.30    0.00    0.00    0.00    0.00    0.00    0.00   42.42
11:13:54      11   23.23    0.00   18.18    0.00    0.00    0.00    0.00    0.00    0.00   58.59
11:13:54      12   26.00    0.00    4.00    1.00    0.00    0.00    0.00    0.00    0.00   69.00
11:13:54      13    9.09    0.00    5.05    3.03    0.00    1.01    0.00    0.00    0.00   81.82
11:13:54      14   36.00    0.00   26.00    0.00    0.00    1.00    0.00    0.00    0.00   37.00
11:13:54      15    2.02    0.00    1.01    0.00    0.00    0.00    0.00    0.00    0.00   96.97

11:13:54     CPU    %usr   %nice    %sys %iowait    %irq   %soft  %steal  %guest  %gnice   %idle
11:13:55     all   16.21    0.00    8.10    0.06    0.00    0.19    0.00    0.00    0.00   75.44
11:13:55       0   33.00    0.00   27.00    0.00    0.00    0.00    0.00    0.00    0.00   40.00
11:13:55       1    3.06    0.00    1.02    0.00    0.00    0.00    0.00    0.00    0.00   95.92
11:13:55       2   22.00    0.00   10.00    0.00    0.00    1.00    0.00    0.00    0.00   67.00
11:13:55       3    7.14    0.00    1.02    0.00    0.00    0.00    0.00    0.00    0.00   91.84
11:13:55       4   10.20    0.00    7.14    0.00    0.00    0.00    0.00    0.00    0.00   82.65
11:13:55       5    6.12    0.00    3.06    0.00    0.00    1.02    0.00    0.00    0.00   89.80
11:13:55       6   23.23    0.00   22.22    0.00    0.00    0.00    0.00    0.00    0.00   54.55
11:13:55       7   12.12    0.00    4.04    0.00    0.00    0.00    0.00    0.00    0.00   83.84
11:13:55       8   16.83    0.00    0.99    0.00    0.00    0.00    0.00    0.00    0.00   82.18
11:13:55       9    5.00    0.00    1.00    0.00    0.00    1.00    0.00    0.00    0.00   93.00
11:13:55      10   25.74    0.00    0.99    0.00    0.00    0.00    0.00    0.00    0.00   73.27
11:13:55      11   25.00    0.00   18.00    0.00    0.00    0.00    0.00    0.00    0.00   57.00
11:13:55      12   27.27    0.00    0.00    0.00    0.00    0.00    0.00    0.00    0.00   72.73
11:13:55      13   11.00    0.00    1.00    0.00    0.00    0.00    0.00    0.00    0.00   88.00
11:13:55      14   29.00    0.00   30.00    0.00    0.00    0.00    0.00    0.00    0.00   41.00
11:13:55      15    1.98    0.00    1.98    0.99    0.00    0.00    0.00    0.00    0.00   95.05

11:13:55     CPU    %usr   %nice    %sys %iowait    %irq   %soft  %steal  %guest  %gnice   %idle
11:13:56     all   22.34    0.00   19.05    0.06    0.00    0.13    0.00    0.00    0.00   58.42
11:13:56       0   39.39    0.00   34.34    0.00    0.00    0.00    0.00    0.00    0.00   26.26
11:13:56       1   27.27    0.00   18.18    0.00    0.00    1.01    0.00    0.00    0.00   53.54
11:13:56       2    5.10    0.00    3.06    1.02    0.00    1.02    0.00    0.00    0.00   89.80
11:13:56       3   21.43    0.00    6.12    0.00    0.00    0.00    0.00    0.00    0.00   72.45
11:13:56       4    5.05    0.00    8.08    0.00    0.00    0.00    0.00    0.00    0.00   86.87
11:13:56       5    7.00    0.00   23.00    0.00    0.00    0.00    0.00    0.00    0.00   70.00
11:13:56       6    8.08    0.00    7.07    0.00    0.00    0.00    0.00    0.00    0.00   84.85
11:13:56       7   16.33    0.00   30.61    0.00    0.00    0.00    0.00    0.00    0.00   53.06
11:13:56       8   31.63    0.00   28.57    0.00    0.00    0.00    0.00    0.00    0.00   39.80
11:13:56       9   11.22    0.00   11.22    0.00    0.00    0.00    0.00    0.00    0.00   77.55
11:13:56      10   29.29    0.00    5.05    0.00    0.00    0.00    0.00    0.00    0.00   65.66
11:13:56      11   40.00    0.00   33.00    0.00    0.00    0.00    0.00    0.00    0.00   27.00
11:13:56      12   39.00    0.00   34.00    0.00    0.00    0.00    0.00    0.00    0.00   27.00
11:13:56      13   24.24    0.00   12.12    0.00    0.00    0.00    0.00    0.00    0.00   63.64
11:13:56      14   42.00    0.00   36.00    0.00    0.00    0.00    0.00    0.00    0.00   22.00
11:13:56      15    9.38    0.00   13.54    0.00    0.00    0.00    0.00    0.00    0.00   77.08

11:13:56     CPU    %usr   %nice    %sys %iowait    %irq   %soft  %steal  %guest  %gnice   %idle
11:13:57     all   24.42    0.00   20.60    0.25    0.00    0.19    0.00    0.00    0.00   54.54
11:13:57       0   37.00    0.00   48.00    0.00    0.00    0.00    0.00    0.00    0.00   15.00
11:13:57       1   14.14    0.00   19.19    0.00    0.00    1.01    0.00    0.00    0.00   65.66
11:13:57       2   20.62    0.00   12.37    0.00    0.00    0.00    0.00    0.00    0.00   67.01
11:13:57       3   38.38    0.00    2.02    0.00    0.00    0.00    0.00    0.00    0.00   59.60
11:13:57       4   16.16    0.00    8.08    0.00    0.00    1.01    0.00    0.00    0.00   74.75
11:13:57       5   16.33    0.00    5.10    3.06    0.00    0.00    0.00    0.00    0.00   75.51
11:13:57       6   42.16    0.00   10.78    0.00    0.00    0.98    0.00    0.00    0.00   46.08
11:13:57       7   13.86    0.00   52.48    0.00    0.00    0.00    0.00    0.00    0.00   33.66
11:13:57       8   27.00    0.00   20.00    0.00    0.00    0.00    0.00    0.00    0.00   53.00
11:13:57       9   12.00    0.00   13.00    0.00    0.00    0.00    0.00    0.00    0.00   75.00
11:13:57      10   28.71    0.00   17.82    0.00    0.00    0.00    0.00    0.00    0.00   53.47
11:13:57      11   32.00    0.00   25.00    0.00    0.00    0.00    0.00    0.00    0.00   43.00
11:13:57      12   24.24    0.00   23.23    0.00    0.00    0.00    0.00    0.00    0.00   52.53
11:13:57      13   20.79    0.00   17.82    0.00    0.00    0.00    0.00    0.00    0.00   61.39
11:13:57      14   23.00    0.00   29.00    0.00    0.00    0.00    0.00    0.00    0.00   48.00
11:13:57      15   23.76    0.00   24.75    0.99    0.00    0.00    0.00    0.00    0.00   50.50

Average:     CPU    %usr   %nice    %sys %iowait    %irq   %soft  %steal  %guest  %gnice   %idle
Average:     all   21.59    0.00   15.94    0.20    0.00    0.23    0.00    0.00    0.00   62.04
Average:       0   33.07    0.00   33.27    0.00    0.00    0.20    0.00    0.00    0.00   33.47
Average:       1   14.72    0.00   11.29    0.40    0.00    0.81    0.00    0.00    0.00   72.78
Average:       2   14.43    0.00    8.33    0.20    0.00    0.61    0.00    0.00    0.00   76.42
Average:       3   22.22    0.00    7.47    0.00    0.00    0.20    0.00    0.00    0.00   70.10
Average:       4   16.77    0.00    9.49    0.00    0.00    0.40    0.00    0.00    0.00   73.33
Average:       5   13.21    0.00   10.77    0.61    0.00    0.20    0.00    0.00    0.00   75.20
Average:       6   26.25    0.00   15.83    0.00    0.00    0.20    0.00    0.00    0.00   57.72
Average:       7   16.70    0.00   24.75    0.00    0.00    0.00    0.00    0.00    0.00   58.55
Average:       8   24.40    0.00   18.15    0.81    0.00    0.00    0.00    0.00    0.00   56.65
Average:       9   15.43    0.00    8.82    0.00    0.00    0.40    0.00    0.00    0.00   75.35
Average:      10   29.00    0.00   14.40    0.00    0.00    0.00    0.00    0.00    0.00   56.60
Average:      11   29.40    0.00   23.00    0.00    0.00    0.00    0.00    0.00    0.00   47.60
Average:      12   26.16    0.00   13.68    0.20    0.00    0.00    0.00    0.00    0.00   59.96
Average:      13   16.03    0.00   11.02    0.60    0.00    0.20    0.00    0.00    0.00   72.14
Average:      14   32.80    0.00   30.40    0.00    0.00    0.20    0.00    0.00    0.00   36.60
Average:      15   14.46    0.00   14.06    0.40    0.00    0.20    0.00    0.00    0.00   70.88
ashumba@ate-live:/srv$ 
ashumba@ate-live:/srv$ free -h
               total        used        free      shared  buff/cache   available
Mem:            98Gi        47Gi       694Mi       569Mi        50Gi        49Gi
Swap:          2.0Gi       1.1Gi       885Mi
ashumba@ate-live:/srv$ 
ashumba@ate-live:/srv$ vmstat 1 5
procs -----------memory---------- ---swap-- -----io---- -system-- ------cpu-----
 r  b   swpd   free   buff  cache   si   so    bi    bo   in   cs us sy id wa st
 8  0 1215652 821732 120680 51582964    0    0    19    34    0    0 19 16 65  0  0
 5  0 1215652 860856 120680 51582844    0    0     0    16 7790 4474 13 14 73  0  0
 7  0 1215652 824388 120680 51584004    0    0   112  1104 12335 6837 21 24 54  0  0
 7  0 1215652 824716 120692 51584780    0    0   112  1188 10815 5963 18 19 62  0  0
 1  0 1215652 830400 120692 51584544    0    0     0   252 8116 5575 11 11 77  0  0
ashumba@ate-live:/srv$ 
ashumba@ate-live:/srv$ df -h
Filesystem                                           Size  Used Avail Use% Mounted on
tmpfs                                                9.9G  6.6M  9.9G   1% /run
/dev/sda3                                            983G  679G  259G  73% /
tmpfs                                                 50G   25M   50G   1% /dev/shm
tmpfs                                                5.0M     0  5.0M   0% /run/lock
/dev/sda2                                            512M  6.1M  506M   2% /boot/efi
tmpfs                                                9.9G   76K  9.9G   1% /run/user/127
tmpfs                                                9.9G   60K  9.9G   1% /run/user/1005
//192.168.0.45/EwalletProd                           250G  125G  125G  51% /home/administrator/batch-files/rtgs/inward/digipay
//192.168.0.45/trustlink/PROD/ZETSS/ToSTPLink/Input  250G  125G  125G  51% /home/administrator/batch-files/rtgs/outward/toTrustLinkMx
//192.168.0.45/PaymentsToSTPLink                     250G  125G  125G  51% /home/administrator/batch-files/rtgs/outward/toTrustLink
//192.168.0.45/PaymentsFromSTPLink                   250G  125G  125G  51% /home/administrator/batch-files/rtgs/inward/idc
tmpfs                                                9.9G   60K  9.9G   1% /run/user/1023
tmpfs                                                9.9G   60K  9.9G   1% /run/user/1009
tmpfs                                                9.9G   60K  9.9G   1% /run/user/1012
tmpfs                                                9.9G   64K  9.9G   1% /run/user/1022
ashumba@ate-live:/srv$ 
ashumba@ate-live:/srv$ iostat -xz 1 5
Linux 6.8.0-110-generic (ate-live)      13/05/2026      _x86_64_        (16 CPU)

avg-cpu:  %user   %nice %system %iowait  %steal   %idle
          18.52    0.00   15.70    0.31    0.00   65.46

Device            r/s     rkB/s   rrqm/s  %rrqm r_await rareq-sz     w/s     wkB/s   wrqm/s  %wrqm w_await wareq-sz     d/s     dkB/s   drqm/s  %drqm d_await dareq-sz     f/s f_await  aqu-sz  %util
loop0            0.00      0.00     0.00   0.00    2.73     0.88    0.00      0.00     0.00   0.00    0.00     0.00    0.00      0.00     0.00   0.00    0.00     0.00    0.00    0.00    0.00   0.00
loop1            0.00      0.00     0.00   0.00    7.51    10.47    0.00      0.00     0.00   0.00    0.00     0.00    0.00      0.00     0.00   0.00    0.00     0.00    0.00    0.00    0.00   0.00
loop10           0.00      0.00     0.00   0.00   13.40    12.14    0.00      0.00     0.00   0.00    0.00     0.00    0.00      0.00     0.00   0.00    0.00     0.00    0.00    0.00    0.00   0.00
loop11           0.00      0.00     0.00   0.00   16.46    13.34    0.00      0.00     0.00   0.00    0.00     0.00    0.00      0.00     0.00   0.00    0.00     0.00    0.00    0.00    0.00   0.00
loop12           0.00      0.11     0.00   0.00    4.43    24.73    0.00      0.00     0.00   0.00    0.00     0.00    0.00      0.00     0.00   0.00    0.00     0.00    0.00    0.00    0.00   0.00
loop13           0.00      0.00     0.00   0.00    7.22     6.54    0.00      0.00     0.00   0.00    0.00     0.00    0.00      0.00     0.00   0.00    0.00     0.00    0.00    0.00    0.00   0.00
loop14           0.00      0.00     0.00   0.00   11.72     5.13    0.00      0.00     0.00   0.00    0.00     0.00    0.00      0.00     0.00   0.00    0.00     0.00    0.00    0.00    0.00   0.00
loop15           0.00      0.01     0.00   0.00    8.22    29.94    0.00      0.00     0.00   0.00    0.00     0.00    0.00      0.00     0.00   0.00    0.00     0.00    0.00    0.00    0.00   0.00
loop16           0.00      0.00     0.00   0.00   12.65     6.01    0.00      0.00     0.00   0.00    0.00     0.00    0.00      0.00     0.00   0.00    0.00     0.00    0.00    0.00    0.00   0.00
loop17           0.00      0.00     0.00   0.00   12.08     5.25    0.00      0.00     0.00   0.00    0.00     0.00    0.00      0.00     0.00   0.00    0.00     0.00    0.00    0.00    0.00   0.00
loop18           0.00      0.00     0.00   0.00   10.65     4.77    0.00      0.00     0.00   0.00    0.00     0.00    0.00      0.00     0.00   0.00    0.00     0.00    0.00    0.00    0.00   0.00
loop19           0.00      0.20     0.00   0.00    3.38    40.54    0.00      0.00     0.00   0.00    0.00     0.00    0.00      0.00     0.00   0.00    0.00     0.00    0.00    0.00    0.00   0.00
loop2            0.00      0.00     0.00   0.00    2.49     2.87    0.00      0.00     0.00   0.00    0.00     0.00    0.00      0.00     0.00   0.00    0.00     0.00    0.00    0.00    0.00   0.00
loop20           0.00      0.00     0.00   0.00    6.16     2.63    0.00      0.00     0.00   0.00    0.00     0.00    0.00      0.00     0.00   0.00    0.00     0.00    0.00    0.00    0.00   0.00
loop21           0.00      0.00     0.00   0.00    2.71    16.76    0.00      0.00     0.00   0.00    0.00     0.00    0.00      0.00     0.00   0.00    0.00     0.00    0.00    0.00    0.00   0.00
loop22           0.00      0.00     0.00   0.00    1.08    10.71    0.00      0.00     0.00   0.00    0.00     0.00    0.00      0.00     0.00   0.00    0.00     0.00    0.00    0.00    0.00   0.00
loop3            0.00      0.00     0.00   0.00   15.52    13.58    0.00      0.00     0.00   0.00    0.00     0.00    0.00      0.00     0.00   0.00    0.00     0.00    0.00    0.00    0.00   0.00
loop4            0.00      0.00     0.00   0.00   11.04    12.16    0.00      0.00     0.00   0.00    0.00     0.00    0.00      0.00     0.00   0.00    0.00     0.00    0.00    0.00    0.00   0.00
loop5            0.00      0.03     0.00   0.00    6.78    21.21    0.00      0.00     0.00   0.00    0.00     0.00    0.00      0.00     0.00   0.00    0.00     0.00    0.00    0.00    0.00   0.00
loop6            0.00      0.00     0.00   0.00    7.52    15.22    0.00      0.00     0.00   0.00    0.00     0.00    0.00      0.00     0.00   0.00    0.00     0.00    0.00    0.00    0.00   0.00
loop7            0.00      0.00     0.00   0.00    4.70     4.95    0.00      0.00     0.00   0.00    0.00     0.00    0.00      0.00     0.00   0.00    0.00     0.00    0.00    0.00    0.00   0.00
loop8            0.00      0.00     0.00   0.00    2.46     4.27    0.00      0.00     0.00   0.00    0.00     0.00    0.00      0.00     0.00   0.00    0.00     0.00    0.00    0.00    0.00   0.00
loop9            0.00      0.00     0.00   0.00    2.73     4.22    0.00      0.00     0.00   0.00    0.00     0.00    0.00      0.00     0.00   0.00    0.00     0.00    0.00    0.00    0.00   0.00
sda              9.39    299.87     0.19   2.02    8.01    31.95   40.87    533.99    25.38  38.30    2.25    13.06    0.00      0.00     0.00   0.00    0.00     0.00    0.00    0.00    0.17   5.55


avg-cpu:  %user   %nice %system %iowait  %steal   %idle
          16.11    0.00   23.13    0.00    0.00   60.75

Device            r/s     rkB/s   rrqm/s  %rrqm r_await rareq-sz     w/s     wkB/s   wrqm/s  %wrqm w_await wareq-sz     d/s     dkB/s   drqm/s  %drqm d_await dareq-sz     f/s f_await  aqu-sz  %util
sda              0.00      0.00     0.00   0.00    0.00     0.00    6.93     63.37     0.99  12.50    1.14     9.14    0.00      0.00     0.00   0.00    0.00     0.00    0.00    0.00    0.01   0.20


avg-cpu:  %user   %nice %system %iowait  %steal   %idle
          24.21    0.00   27.99    0.13    0.00   47.67

Device            r/s     rkB/s   rrqm/s  %rrqm r_await rareq-sz     w/s     wkB/s   wrqm/s  %wrqm w_await wareq-sz     d/s     dkB/s   drqm/s  %drqm d_await dareq-sz     f/s f_await  aqu-sz  %util
sda              9.00     68.00     0.00   0.00    1.56     7.56    5.00    120.00     0.00   0.00    1.40    24.00    0.00      0.00     0.00   0.00    0.00     0.00    0.00    0.00    0.02   1.90


avg-cpu:  %user   %nice %system %iowait  %steal   %idle
          10.43    0.00   17.10    0.06    0.00   72.41

Device            r/s     rkB/s   rrqm/s  %rrqm r_await rareq-sz     w/s     wkB/s   wrqm/s  %wrqm w_await wareq-sz     d/s     dkB/s   drqm/s  %drqm d_await dareq-sz     f/s f_await  aqu-sz  %util
sda              1.00     24.00     0.00   0.00    1.00    24.00   50.00    836.00    14.00  21.88    2.24    16.72    0.00      0.00     0.00   0.00    0.00     0.00    0.00    0.00    0.11   1.20


avg-cpu:  %user   %nice %system %iowait  %steal   %idle
          20.86    0.00   24.01    0.00    0.00   55.14

Device            r/s     rkB/s   rrqm/s  %rrqm r_await rareq-sz     w/s     wkB/s   wrqm/s  %wrqm w_await wareq-sz     d/s     dkB/s   drqm/s  %drqm d_await dareq-sz     f/s f_await  aqu-sz  %util
sda              0.00      0.00     0.00   0.00    0.00     0.00    5.00    380.00    84.00  94.38    2.40    76.00    0.00      0.00     0.00   0.00    0.00     0.00    0.00    0.00    0.01   0.90


ashumba@ate-live:/srv$ 
ashumba@ate-live:/srv$ ps -eo pid,ppid,cmd,%mem,%cpu --sort=-%mem | head
    PID    PPID CMD                         %MEM %CPU
1556131       1 java -jar /srv/afc/txn-inte 25.6 21.6
1556327       1 java -jar /srv/afc/txn-gate  3.2  0.7
1556033       1 java -jar /srv/afc/txn-mobi  1.9  3.4
1557601       1 java -jar /srv/afc/txn-mobi  1.4  1.1
1556062       1 java -jar /srv/afc/txn-gate  1.0  3.4
2667473    1193 java -Xms256m -Xmx768m -Dfi  1.0  3.4
1554467       1 java -jar /srv/afc/txn-gate  0.9  8.7
4047814       1 java -jar /srv/afc/txn-inte  0.8  2.7
1554396    1193 java -Xms256m -Xmx768m -Dfi  0.8  1.2
ashumba@ate-live:/srv$ 
ashumba@ate-live:/srv$ ps -eo pid,ppid,cmd,%cpu,%mem --sort=-%cpu | head
    PID    PPID CMD                         %CPU %MEM
 705402  161356 postgres: 14/main: system t 23.1  0.5
1556131       1 java -jar /srv/afc/txn-inte 21.6 25.6
   5134    5113 /opt/TrendMicro/vls_agent/v  9.1  0.1
1554467       1 java -jar /srv/afc/txn-gate  8.7  0.9
 613347  161356 postgres: 14/main: system t  7.8  0.4
 703154  161356 postgres: 14/main: system t  5.5  0.3
 618978  161356 postgres: 14/main: system t  4.2  0.4
 646015  161356 postgres: 14/main: system a  3.9  0.2
 612341  161356 postgres: 14/main: system a  3.6  0.2
ashumba@ate-live:/srv$ 
ashumba@ate-live:/srv$ sar -q 1 5
Linux 6.8.0-110-generic (ate-live)      13/05/2026      _x86_64_        (16 CPU)

13:31:12      runq-sz  plist-sz   ldavg-1   ldavg-5  ldavg-15   blocked
13:31:13            8      3221      4.53      5.94      6.38         0
13:31:14            7      3263      4.53      5.94      6.38         0
13:31:15            8      3241      4.53      5.94      6.38         0
13:31:16           14      3258      4.53      5.94      6.38         0
13:31:17            7      3250      4.81      5.98      6.39         0
Average:            9      3247      4.59      5.95      6.38         0
ashumba@ate-live:/srv$ 
